1680
1518
3423
1406
1072
3047
3456
2144
1870
3840
1277
2056
903
818
1735
2329
308
1008
1104
2061
2441
1710
1767
3803
2567
2897
3628
1475
2264
3713
3132
2250
1824
1626
1366
2867
2225
3380
2798
1380
439
1796
2413
3663
1718
192
748
199
2978
1353
3
2502
300
3306
1417
2060
3693
18
1835
2340
1377
3198
3434
2135
3596
19
3720
140
3811
3436
2923
3330
34
3263
1323
780
275
3232
2988
1806
2171
2594
201
3336
1492
3328
3285
1540
3304
2108
1672
2126
124
2333
3394
1955
2064
3762
3648
1318
1632
2130
3337
125
1567
2996
3725
2593
3812
3011
3710
1759
3063
2780
386
467
1693
1168
1516
1480
2101
391
2999
1151
678
1361
2093
3661
2583
1541
2129
2630
2920
3526
3065
1234
3217
3359
1705
590
2835
2106
470
3716
3083
3427
1539
901
2158
2681
3798
912
3745
2742
1825
2795
572
1898
2995
449
2163
1023
1580
2618
3490
2273
1587
128
306
1575
173
2536
3624
1878
770
1444
2892
3340
104
3521
966
1158
2775
3763
3350
1190
304
2301
1217
1573
3660
765
1919
2563
1483
1604
2706
1772
3158
3334
2543
2131
2189
2255
2327
3740
2855
3060
3045
109
1711
3821
790
1725
3346
3653
2076
2514
875
1635
1779
1030
2854
3801
16
791
3825
3248
1044
2564
3678
2546
181
3246
811
1237
2690
2773
380
2890
1322
1732
2575
2697
57
1526
3415
3314
1792
1654
2598
1704
3731
3339
2099
200
720
2693
2456
2079
2689
1561
2927
2665
3154
1645
2045
3400
1195
2149
3234
1708
2651
865
2807
1287
787
3506
1866
1639
62
2921
1092
274
2525
1313
3134
3421
1583
3116
1401
1103
2283
1842
2819
32
1405
3035
2072
3343
858
2091
296
132
3291
185
3215
35
1449
769
1133
1037
3218
2112
1410
3320
1416
2672
1634
129
3151
1164
175
3050
1455
3181
2818
389
3774
1991
2777
929
988
3130
2378
3817
1419
311
2137
1845
3287
2353
1946
883
3109
387
2002
2023
3165
447
1447
1208
1525
503
2226
2251
1021
3074
3761
2772
362
1623
2096
708
2519
928
2354
965
3222
1521
2778
2235
2388
3766
3187
117
2104
1279
3787
2961
3584
1140
2405
1369
868
823
2980
2800
1249
782
2214
1437
571
835
889
1925
3280
182
2114
2041
3140
2385
2067
2676
3459
2552
2113
1156
926
932
1292
3537
962
2121
604
3294
2939
1461
1531
1474
1337
796
705
2012
1017
1248
781
3159
2760
2692
1846
2812
2500
1565
1060
119
1085
969
1412
3530
2024
3245
784
2031
3465
2991
111
1648
1163
2584
1029
950
3495
1435
3626
2471
3088
1106
2187
2856
3509
3818
2829
914
2650
843
2044
2210
1118
2673
976
512
1179
317
188
3196
3656
2350
2657
1478
1579
2702
3201
2550
1403
3532
3583
3026
433
3585
1421
712
1325
1045
3276
910
1466
1566
874
58
1448
1953
204
285
1528
1178
3176
3126
3006
1451
3360
1144
1920
2428
2596
1950
2505
3483
176
2620
2569
1594
2885
3264
3768
2708
2315
2748
3317
2190
817
1176
2302
1554
3136
2375
1187
863
1994
2511
1232
1293
191
908
2256
279
3438
2086
1049
1982
2440
970
1776
3073
3466
3208
2368
485
314
2314
388
194
3223
1917
2098
2032
1928
938
3341
3464
2400
2166
3131
2244
689
608
2685
3113
2579
289
593
2791
187
1764
2298
1911
1409
582
2900
63
837
2069
1592
2743
1847
3403
2070
5
1022
1172
23
1505
995
3039
2359
3754
2846
3747
1028
3171
1352
2730
2782
3595
1760
2136
980
2005
3068
1258
1498
1986
826
2279
498
3376
2912
3311
2609
3419
2794
3460
3190
2754
6
1010
3617
2396
2275
3347
383
2613
3497
1097
955
1183
2908
1670
3020
2643
3202
580
1546
3397
3590
22
1787
436
2027
1115
1713
341
3319
2134
2644
310
2615
141
2967
3683
848
2982
1956
2946
1839
3241
2287
2917
1388
3581
127
2139
1471
1266
1631
2123
3709
1940
2888
3751
113
1617
2039
3591
1536
3439
2257
3519
1652
1794
1854
2688
272
2351
3759
1571
2668
2895
788
3195
1139
2586
2726
1945
2904
803
2402
318
1659
2242
1849
2626
2346
3282
2532
3701
2050
2459
1832
1241
384
3326
1494
1979
1864
1853
2097
1301
3066
3270
290
1191
2269
2599
1211
2965
2197
2664
1363
281
3454
1182
316
2865
3489
501
2429
177
2343
3028
562
718
3719
3067
1992
779
2518
1944
1278
2953
716
2750
342
2286
284
2021
1402
3714
2028
702
264
1768
1557
1977
183
2857
2105
846
1605
2164
94
909
1621
1909
3618
3647
719
1836
422
3199
2710
3733
614
2022
2016
3123
1744
184
3315
2370
3523
1056
900
1751
3602
2153
61
3640
721
1677
1609
3756
1611
1885
1851
1289
2832
1499
2399
2331
1905
1769
3484
2366
197
3515
1848
1961
3273
2813
3841
367
2840
2667
231
1317
3646
1320
2616
1244
2558
2792
2875
760
495
1051
795
767
2209
717
178
3457
1784
1927
1166
1306
1619
1263
1305
2181
2805
3393
2360
385
3554
180
1043
2248
855
1282
1383
677
3269
3310
1431
2788
921
609
2633
3037
1260
960
3676
916
2516
2951
1791
2824
1386
1131
307
579
2017
2787
771
1586
2311
2987
1334
3735
3681
3792
2687
3214
2391
2480
2960
2634
3541
3070
1989
3807
2271
1653
3790
2155
1136
2418
3344
273
3547
1470
2771
297
486
2970
2974
1662
2785
967
2430
1749
2556
1387
2482
1628
2184
20
3430
3110
2498
2605
561
3573
3615
2120
371
3420
934
2803
1570
2669
813
2412
592
885
601
2424
2539
1357
1285
2426
3138
836
1743
2629
794
195
435
3574
1823
60
2774
2238
1931
1941
3691
905
3086
3813
2587
2768
1189
2655
3780
1981
1681
3788
3357
992
1964
301
457
1826
1890
2066
59
2955
2092
2270
778
809
2170
2570
2323
1204
2063
2290
1214
3090
3607
315
2614
1663
3662
1469
490
2435
3418
907
2304
3793
2632
1067
2138
1642
3283
2280
1476
2034
602
3665
3422
118
1005
3641
1440
2986
3179
343
1929
3160
3632
2724
2109
130
1265
2763
3267
3271
1724
312
1031
3613
599
3425
1376
981
1671
3437
2906
766
1697
1308
2804
1700
2656
931
2853
1506
1785
1235
3687
1512
1152
1467
1578
1116
1141
2236
3119
3726
131
2389
1781
1828
2341
3243
1850
2695
3185
2983
2490
3120
2165
33
2445
3556
2217
3323
1213
1473
3684
2621
3539
3189
2545
1066
3220
3407
1899
2979
24
2448
1054
2753
598
376
1709
3458
174
2489
3398
3365
3384
198
1965
434
854
1090
3388
2990
762
3560
2859
309
899
2612
347
3635
3551
3225
2178
1128
924
1378
3377
1050
2783
3503
3444
2981
944
793
2837
2841
2976
3734
2694
1358
820
1273
1532
3538
3842
1058
1692
1415
3255
3461
3358
539
2740
2095
3212
1513
3510
105
3059
1348
2111
3256
3038
1786
2462
945
2177
3837
390
2757
3513
2815
3587
2265
2291
824
3479
2604
3175
292
3385
2245
2922
2047
381
789
1582
1871
3743
1665
295
2521
278
3135
1250
1993
3757
3717
882
2253
1486
3555
1892
2929
1910
2884
1542
3566
305
3133
2566
2603
2734
2307
2510
1746
3098
3809
1298
920
878
1646
3795
3738
1625
2042
2218
3303
1206
2551
3755
2972
2477
17
1687
3371
3462
2083
3277
2377
1508
832
1194
3412
2876
2416
792
814
3364
2011
2956
3209
3741
3174
1048
3021
1612
1782
2873
3784
3122
785
1452
1035
3254
3736
2004
1203
3413
2554
3166
2224
2483
1110
472
1678
1210
3723
588
3810
3051
1649
869
1963
1099
853
2624
2423
1112
918
1082
1055
2796
2243
3029
877
1453
2355
1311
951
3469